size block: 10
1 seq: 1 500 615 0 
3 seq: 3 503 615 0 
5 seq: 5 504 614 0 
7 seq: 7 500 615 0 
9 seq: 9 500 615 0 
10 seq: 10 501 614 0 
12 seq: 12 504 614 0 
14 seq: 14 499 615 0 
16 seq: 0 503 615 0 
18 seq: 2 506 615 0 
size block: 10
21 seq: 5 499 614 0 
23 seq: 7 503 615 0 
25 seq: 9 506 615 0 
27 seq: 11 505 614 0 
29 seq: 13 497 614 0 
30 seq: 14 429 618 0 
32 seq: 0 493 615 0 
34 seq: 2 514 615 0 
36 seq: 4 545 613 0 
38 seq: 6 527 615 0 
size block: 10
41 seq: 9 497 614 0 
43 seq: 11 595 615 0 
45 seq: 13 521 616 0 
47 seq: 15 407 615 0 
49 seq: 1 482 616 0 
50 seq: 2 500 614 0 
52 seq: 4 513 614 0 
54 seq: 6 507 615 0 
56 seq: 8 505 615 0 
58 seq: 10 504 615 0 
size block: 10
61 seq: 13 504 615 0 
63 seq: 15 503 614 0 
65 seq: 1 499 615 0 
67 seq: 3 501 614 0 
69 seq: 5 500 614 0 
70 seq: 6 499 614 0 
72 seq: 8 502 615 0 
74 seq: 10 501 614 0 
76 seq: 12 506 615 0 
78 seq: 14 505 615 0 
size block: 10
81 seq: 1 500 615 0 
83 seq: 3 504 615 0 
85 seq: 5 500 614 0 
87 seq: 7 498 615 0 
89 seq: 9 500 615 0 
90 seq: 10 503 615 0 
92 seq: 12 505 615 0 
94 seq: 14 503 615 0 
96 seq: 0 497 615 0 
98 seq: 2 504 615 0 
size block: 10
101 seq: 5 502 615 0 
103 seq: 7 505 615 0 
105 seq: 9 501 615 0 
107 seq: 11 501 615 0 
109 seq: 13 504 615 0 
110 seq: 14 502 615 0 
112 seq: 0 503 614 0 
114 seq: 2 502 614 0 
116 seq: 4 505 614 0 
118 seq: 6 499 616 0 
size block: 10
121 seq: 9 500 614 0 
123 seq: 11 496 614 0 
125 seq: 13 489 616 0 
127 seq: 15 475 610 0 
129 seq: 1 511 609 0 
130 seq: 2 524 619 0 
132 seq: 4 549 607 0 
134 seq: 6 514 615 0 
136 seq: 8 493 599 0 
138 seq: 10 500 617 0 
size block: 10
141 seq: 13 506 614 0 
143 seq: 15 498 615 0 
145 seq: 1 502 614 0 
147 seq: 3 492 614 0 
149 seq: 5 497 615 0 
null
