Patient id: 4
Date: 04-12-2022.00-24-35
Alejandra Matin
size block: 10
0 seq: 0 515 429 
1 seq: 1 513 412 
2 seq: 2 511 424 
3 seq: 3 509 421 
4 seq: 4 511 421 
5 seq: 5 511 423 
6 seq: 6 508 422 
7 seq: 7 515 420 
8 seq: 8 511 417 
9 seq: 9 514 415 
size block: 10
10 seq: 10 522 419 
11 seq: 11 359 416 
12 seq: 12 500 415 
13 seq: 13 551 422 
14 seq: 14 485 422 
15 seq: 15 563 434 
16 seq: 0 983 426 
17 seq: 1 1022 440 
18 seq: 2 937 430 
19 seq: 3 557 461 
size block: 10
20 seq: 4 812 533 
21 seq: 5 1022 564 
22 seq: 6 977 611 
23 seq: 7 948 627 
24 seq: 8 882 718 
25 seq: 9 1011 619 
26 seq: 10 820 595 
27 seq: 11 1022 600 
28 seq: 12 1022 614 
29 seq: 13 1023 611 
size block: 10
30 seq: 14 1023 608 
31 seq: 15 1022 620 
32 seq: 0 1022 618 
33 seq: 1 0 612 
34 seq: 2 842 616 
35 seq: 3 912 617 
36 seq: 4 1009 617 
37 seq: 5 995 616 
38 seq: 6 993 617 
39 seq: 7 984 616 
size block: 10
40 seq: 8 982 617 
41 seq: 9 979 616 
42 seq: 10 974 617 
43 seq: 11 978 617 
44 seq: 12 976 617 
45 seq: 13 978 616 
46 seq: 14 976 617 
47 seq: 15 977 616 
48 seq: 0 978 616 
49 seq: 1 973 617 
size block: 10
50 seq: 2 977 617 
51 seq: 3 975 616 
52 seq: 4 972 617 
53 seq: 5 972 617 
54 seq: 6 969 616 
55 seq: 7 971 617 
56 seq: 8 968 617 
57 seq: 9 971 617 
58 seq: 10 967 617 
59 seq: 11 960 617 
size block: 10
60 seq: 12 977 617 
61 seq: 13 969 617 
62 seq: 14 965 617 
63 seq: 15 967 617 
64 seq: 0 964 617 
65 seq: 1 962 617 
66 seq: 2 962 617 
67 seq: 3 966 616 
68 seq: 4 962 616 
69 seq: 5 961 617 
size block: 10
70 seq: 6 965 616 
71 seq: 7 960 617 
72 seq: 8 963 617 
73 seq: 9 964 617 
74 seq: 10 952 617 
75 seq: 11 967 617 
76 seq: 12 962 616 
77 seq: 13 962 617 
78 seq: 14 962 617 
79 seq: 15 965 616 
size block: 10
80 seq: 0 962 617 
81 seq: 1 966 617 
82 seq: 2 964 616 
83 seq: 3 964 617 
84 seq: 4 961 616 
85 seq: 5 963 617 
86 seq: 6 964 617 
87 seq: 7 961 616 
88 seq: 8 960 616 
89 seq: 9 961 617 
size block: 10
90 seq: 10 963 617 
91 seq: 11 962 617 
92 seq: 12 957 617 
93 seq: 13 959 617 
94 seq: 14 958 617 
95 seq: 15 957 617 
96 seq: 0 957 616 
97 seq: 1 957 617 
98 seq: 2 959 616 
99 seq: 3 956 617 
size block: 10
100 seq: 4 953 617 
101 seq: 5 964 616 
102 seq: 6 954 616 
103 seq: 7 962 617 
104 seq: 8 960 617 
105 seq: 9 959 616 
106 seq: 10 959 617 
107 seq: 11 956 617 
108 seq: 12 961 616 
109 seq: 13 962 617 
size block: 10
110 seq: 14 962 617 
111 seq: 15 960 617 
112 seq: 0 962 616 
113 seq: 1 959 616 
114 seq: 2 958 617 
115 seq: 3 963 617 
116 seq: 4 959 617 
117 seq: 5 965 617 
118 seq: 6 965 616 
119 seq: 7 964 617 
size block: 10
120 seq: 8 964 617 
121 seq: 9 964 616 
122 seq: 10 959 617 
123 seq: 11 960 618 
124 seq: 12 957 616 
125 seq: 13 956 617 
126 seq: 14 959 617 
127 seq: 15 957 617 
128 seq: 0 956 617 
129 seq: 1 951 617 
size block: 10
130 seq: 2 953 616 
131 seq: 3 948 617 
132 seq: 4 948 616 
133 seq: 5 952 617 
134 seq: 6 960 616 
135 seq: 7 947 617 
136 seq: 8 946 616 
137 seq: 9 945 617 
138 seq: 10 938 616 
139 seq: 11 943 617 
size block: 10
140 seq: 12 936 617 
141 seq: 13 938 616 
142 seq: 14 936 616 
143 seq: 15 937 617 
144 seq: 0 928 617 
145 seq: 1 928 616 
146 seq: 2 927 616 
147 seq: 3 926 617 
148 seq: 4 920 617 
149 seq: 5 922 617 
