size block: 10
1 seq: 1 430 611 0 
3 seq: 3 540 615 0 
5 seq: 5 363 614 0 
7 seq: 7 408 615 0 
9 seq: 9 477 614 0 
10 seq: 10 429 615 0 
12 seq: 12 350 614 0 
14 seq: 14 435 613 0 
16 seq: 0 516 614 0 
18 seq: 2 331 615 0 
size block: 10
21 seq: 5 483 615 0 
23 seq: 7 416 615 0 
25 seq: 9 325 614 0 
27 seq: 11 461 615 0 
29 seq: 13 460 615 0 
30 seq: 14 376 614 0 
32 seq: 0 326 613 0 
34 seq: 2 474 614 0 
36 seq: 4 385 614 0 
38 seq: 6 314 614 0 
size block: 10
41 seq: 9 554 614 0 
43 seq: 11 338 615 0 
45 seq: 13 294 614 0 
47 seq: 15 511 615 0 
49 seq: 1 384 614 0 
50 seq: 2 337 614 0 
52 seq: 4 351 614 0 
54 seq: 6 488 614 0 
56 seq: 8 353 614 0 
58 seq: 10 281 615 0 
size block: 10
61 seq: 13 504 614 0 
63 seq: 15 284 615 0 
65 seq: 1 329 615 0 
67 seq: 3 465 614 0 
69 seq: 5 351 615 0 
70 seq: 6 287 614 0 
72 seq: 8 354 614 0 
74 seq: 10 512 614 0 
76 seq: 12 286 614 0 
78 seq: 14 246 615 0 
size block: 10
81 seq: 1 543 614 0 
83 seq: 3 276 613 0 
85 seq: 5 322 614 0 
87 seq: 7 481 614 0 
89 seq: 9 295 614 0 
90 seq: 10 328 614 0 
92 seq: 12 317 614 0 
94 seq: 14 493 614 0 
96 seq: 0 301 614 0 
98 seq: 2 341 615 0 
size block: 10
101 seq: 5 344 616 0 
103 seq: 7 477 614 0 
105 seq: 9 243 614 0 
107 seq: 11 607 614 0 
109 seq: 13 310 612 0 
110 seq: 14 119 616 0 
112 seq: 0 195 614 0 
114 seq: 2 619 614 0 
116 seq: 4 300 615 0 
118 seq: 6 398 614 0 
size block: 10
121 seq: 9 226 613 0 
123 seq: 11 107 613 0 
125 seq: 13 501 614 0 
127 seq: 15 563 615 0 
129 seq: 1 205 614 0 
130 seq: 2 140 615 0 
132 seq: 4 502 616 0 
134 seq: 6 455 615 0 
136 seq: 8 277 616 0 
138 seq: 10 332 617 0 
size block: 10
141 seq: 13 322 614 0 
143 seq: 15 311 614 0 
145 seq: 1 440 614 0 
147 seq: 3 432 614 0 
149 seq: 5 235 615 0 
