Patient id: 1
Date: 30-11-2022.17-18-03
Carmen Pozo
size block: 10
0 seq: 0 505 614 0 
1 seq: 1 503 612 0 
2 seq: 2 499 613 0 
3 seq: 3 499 614 0 
4 seq: 4 497 613 0 
5 seq: 5 499 614 0 
6 seq: 6 498 614 0 
7 seq: 7 505 614 0 
8 seq: 8 502 613 0 
9 seq: 9 495 613 0 
size block: 10
10 seq: 10 510 613 0 
11 seq: 11 499 613 0 
12 seq: 12 496 614 0 
13 seq: 13 496 612 0 
14 seq: 14 511 613 0 
15 seq: 15 501 613 0 
16 seq: 0 495 613 0 
17 seq: 1 511 614 0 
18 seq: 2 499 614 0 
19 seq: 3 502 613 0 
size block: 10
20 seq: 4 501 614 0 
21 seq: 5 512 614 0 
22 seq: 6 501 614 0 
23 seq: 7 502 613 0 
24 seq: 8 506 614 0 
25 seq: 9 506 613 0 
26 seq: 10 500 613 0 
27 seq: 11 503 614 0 
28 seq: 12 508 614 0 
29 seq: 13 509 614 0 
size block: 10
30 seq: 14 497 613 0 
31 seq: 15 500 614 0 
32 seq: 0 510 613 0 
33 seq: 1 498 613 0 
34 seq: 2 496 614 0 
35 seq: 3 506 613 0 
36 seq: 4 502 613 0 
37 seq: 5 496 613 0 
38 seq: 6 503 614 0 
39 seq: 7 510 613 0 
size block: 10
40 seq: 8 503 613 0 
41 seq: 9 496 613 0 
42 seq: 10 502 614 0 
43 seq: 11 508 613 0 
44 seq: 12 502 614 0 
45 seq: 13 496 614 0 
46 seq: 14 502 613 0 
47 seq: 15 508 614 0 
48 seq: 0 495 613 0 
49 seq: 1 504 613 0 
size block: 10
50 seq: 2 505 613 0 
51 seq: 3 499 613 0 
52 seq: 4 497 613 0 
53 seq: 5 511 613 0 
54 seq: 6 505 614 0 
55 seq: 7 498 613 0 
56 seq: 8 505 613 0 
57 seq: 9 519 614 0 
58 seq: 10 500 613 0 
59 seq: 11 497 613 0 
size block: 10
60 seq: 12 512 613 0 
61 seq: 13 507 613 0 
62 seq: 14 494 613 0 
63 seq: 15 499 614 0 
64 seq: 0 510 613 0 
65 seq: 1 505 614 0 
66 seq: 2 498 614 0 
67 seq: 3 508 614 0 
68 seq: 4 504 612 0 
69 seq: 5 489 614 0 
size block: 10
70 seq: 6 487 616 0 
71 seq: 7 487 615 0 
72 seq: 8 496 615 0 
73 seq: 9 503 613 0 
74 seq: 10 514 613 0 
75 seq: 11 509 614 0 
76 seq: 12 498 613 0 
77 seq: 13 499 613 0 
78 seq: 14 514 613 0 
79 seq: 15 503 613 0 
size block: 10
80 seq: 0 496 614 0 
81 seq: 1 499 613 0 
82 seq: 2 511 613 0 
83 seq: 3 501 613 0 
84 seq: 4 500 613 0 
85 seq: 5 510 614 0 
86 seq: 6 501 614 0 
87 seq: 7 486 613 0 
88 seq: 8 502 614 0 
89 seq: 9 502 614 0 
size block: 10
90 seq: 10 489 614 0 
91 seq: 11 500 614 0 
92 seq: 12 506 614 0 
93 seq: 13 507 614 0 
94 seq: 14 497 613 0 
95 seq: 15 505 614 0 
96 seq: 0 515 613 0 
97 seq: 1 496 614 0 
98 seq: 2 492 614 0 
99 seq: 3 506 614 0 
size block: 10
100 seq: 4 515 613 0 
101 seq: 5 501 614 0 
102 seq: 6 490 614 0 
103 seq: 7 497 613 0 
104 seq: 8 502 613 0 
105 seq: 9 499 613 0 
106 seq: 10 505 613 0 
107 seq: 11 508 614 0 
108 seq: 12 496 614 0 
109 seq: 13 492 614 0 
size block: 10
110 seq: 14 505 613 0 
111 seq: 15 508 614 0 
112 seq: 0 494 613 0 
113 seq: 1 493 614 0 
114 seq: 2 494 614 0 
115 seq: 3 496 614 0 
116 seq: 4 500 613 0 
117 seq: 5 523 613 0 
118 seq: 6 858 607 0 
119 seq: 7 543 651 0 
size block: 10
120 seq: 8 454 612 0 
121 seq: 9 492 613 0 
122 seq: 10 516 615 0 
123 seq: 11 483 613 0 
124 seq: 12 497 615 0 
125 seq: 13 504 614 0 
126 seq: 14 504 613 0 
127 seq: 15 481 611 0 
128 seq: 0 495 612 0 
129 seq: 1 515 612 0 
size block: 10
130 seq: 2 499 613 0 
131 seq: 3 494 614 0 
132 seq: 4 487 612 0 
133 seq: 5 500 613 0 
134 seq: 6 500 613 0 
135 seq: 7 515 613 0 
136 seq: 8 516 614 0 
137 seq: 9 492 614 0 
138 seq: 10 491 613 0 
139 seq: 11 502 614 0 
size block: 10
140 seq: 12 491 614 0 
141 seq: 13 525 612 0 
142 seq: 14 501 612 0 
143 seq: 15 498 613 0 
144 seq: 0 487 613 0 
145 seq: 1 486 614 0 
146 seq: 2 511 614 0 
147 seq: 3 508 614 0 
148 seq: 4 498 614 0 
149 seq: 5 501 612 0 
