Patient id: 1
Date: 30-11-2022.17-28-05
Carmen Pozo
size block: 10
0 seq: 0 486 614 0 
1 seq: 1 486 614 0 
2 seq: 2 487 612 0 
3 seq: 3 486 614 0 
4 seq: 4 486 613 0 
5 seq: 5 484 613 0 
6 seq: 6 489 614 0 
7 seq: 7 483 613 0 
8 seq: 8 485 613 0 
9 seq: 9 484 613 0 
size block: 10
10 seq: 10 489 614 0 
11 seq: 11 484 613 0 
12 seq: 12 485 613 0 
13 seq: 13 489 612 0 
14 seq: 14 489 612 0 
15 seq: 15 491 614 0 
16 seq: 0 485 613 0 
17 seq: 1 489 613 0 
18 seq: 2 482 614 0 
19 seq: 3 486 614 0 
size block: 10
20 seq: 4 485 613 0 
21 seq: 5 489 614 0 
22 seq: 6 478 613 0 
23 seq: 7 484 613 0 
24 seq: 8 478 614 0 
25 seq: 9 492 613 0 
26 seq: 10 476 613 0 
27 seq: 11 487 613 0 
28 seq: 12 481 613 0 
29 seq: 13 480 614 0 
size block: 10
30 seq: 14 483 613 0 
31 seq: 15 484 613 0 
32 seq: 0 478 614 0 
33 seq: 1 480 612 0 
34 seq: 2 482 615 0 
35 seq: 3 480 612 0 
36 seq: 4 476 614 0 
37 seq: 5 479 614 0 
38 seq: 6 481 613 0 
39 seq: 7 482 614 0 
size block: 10
40 seq: 8 478 613 0 
41 seq: 9 489 613 0 
42 seq: 10 486 614 0 
43 seq: 11 481 613 0 
44 seq: 12 481 612 0 
45 seq: 13 481 613 0 
46 seq: 14 476 613 0 
47 seq: 15 477 613 0 
48 seq: 0 479 614 0 
49 seq: 1 481 613 0 
size block: 10
50 seq: 2 479 613 0 
51 seq: 3 476 614 0 
52 seq: 4 483 613 0 
53 seq: 5 481 614 0 
54 seq: 6 477 614 0 
55 seq: 7 484 613 0 
56 seq: 8 488 613 0 
57 seq: 9 484 614 0 
58 seq: 10 491 614 0 
59 seq: 11 485 614 0 
size block: 10
60 seq: 12 485 613 0 
61 seq: 13 478 614 0 
62 seq: 14 486 613 0 
63 seq: 15 484 613 0 
64 seq: 0 479 613 0 
65 seq: 1 482 613 0 
66 seq: 2 481 613 0 
67 seq: 3 480 614 0 
68 seq: 4 479 613 0 
69 seq: 5 481 613 0 
size block: 10
70 seq: 6 481 613 0 
71 seq: 7 480 613 0 
72 seq: 8 479 613 0 
73 seq: 9 489 614 0 
74 seq: 10 486 613 0 
75 seq: 11 487 614 0 
76 seq: 12 484 613 0 
77 seq: 13 487 613 0 
78 seq: 14 487 614 0 
79 seq: 15 484 614 0 
size block: 10
80 seq: 0 484 615 0 
81 seq: 1 481 613 0 
82 seq: 2 476 614 0 
83 seq: 3 476 614 0 
84 seq: 4 481 614 0 
85 seq: 5 475 612 0 
86 seq: 6 475 615 0 
87 seq: 7 476 614 0 
88 seq: 8 480 613 0 
89 seq: 9 473 614 0 
size block: 10
90 seq: 10 473 613 0 
91 seq: 11 481 614 0 
92 seq: 12 475 614 0 
93 seq: 13 476 614 0 
94 seq: 14 475 614 0 
95 seq: 15 478 614 0 
96 seq: 0 477 613 0 
97 seq: 1 473 613 0 
98 seq: 2 472 614 0 
99 seq: 3 475 614 0 
size block: 10
100 seq: 4 470 614 0 
101 seq: 5 473 614 0 
102 seq: 6 482 614 0 
103 seq: 7 478 614 0 
104 seq: 8 481 613 0 
105 seq: 9 482 613 0 
106 seq: 10 485 614 0 
107 seq: 11 485 613 0 
108 seq: 12 488 614 0 
109 seq: 13 488 613 0 
size block: 10
110 seq: 14 485 614 0 
111 seq: 15 479 613 0 
112 seq: 0 489 613 0 
113 seq: 1 483 613 0 
114 seq: 2 481 615 0 
115 seq: 3 476 614 0 
116 seq: 4 481 612 0 
117 seq: 5 478 614 0 
118 seq: 6 472 612 0 
119 seq: 7 471 614 0 
size block: 10
120 seq: 8 480 614 0 
121 seq: 9 467 615 0 
122 seq: 10 471 614 0 
123 seq: 11 474 613 0 
124 seq: 12 472 614 0 
125 seq: 13 474 613 0 
126 seq: 14 481 614 0 
127 seq: 15 482 613 0 
128 seq: 0 482 614 0 
129 seq: 1 482 612 0 
size block: 10
130 seq: 2 489 614 0 
131 seq: 3 479 614 0 
132 seq: 4 487 613 0 
133 seq: 5 457 614 0 
134 seq: 6 486 614 0 
135 seq: 7 476 614 0 
136 seq: 8 476 613 0 
137 seq: 9 475 614 0 
138 seq: 10 479 613 0 
139 seq: 11 475 614 0 
size block: 10
140 seq: 12 481 614 0 
141 seq: 13 480 614 0 
142 seq: 14 480 614 0 
143 seq: 15 481 614 0 
144 seq: 0 484 615 0 
145 seq: 1 484 614 0 
146 seq: 2 478 613 0 
147 seq: 3 482 614 0 
148 seq: 4 475 614 0 
149 seq: 5 482 614 0 
