Patient id: 4
Date: 04-12-2022.00-31-05
Alejandra Matin
size block: 10
0 seq: 0 1022 617 
1 seq: 1 1022 617 
2 seq: 2 1023 616 
3 seq: 3 1022 616 
4 seq: 4 1022 617 
5 seq: 5 1022 617 
6 seq: 6 1023 617 
7 seq: 7 1022 617 
8 seq: 8 1022 616 
9 seq: 9 1022 617 
size block: 10
10 seq: 10 1023 617 
11 seq: 11 1022 617 
12 seq: 12 1023 616 
13 seq: 13 1022 617 
14 seq: 14 1023 617 
15 seq: 15 1023 617 
16 seq: 0 1022 616 
17 seq: 1 1022 616 
18 seq: 2 1023 617 
19 seq: 3 1022 617 
size block: 10
20 seq: 4 1023 616 
21 seq: 5 1022 617 
22 seq: 6 1023 617 
23 seq: 7 1022 616 
24 seq: 8 1023 616 
25 seq: 9 1022 617 
26 seq: 10 1022 617 
27 seq: 11 1022 616 
28 seq: 12 1022 617 
29 seq: 13 1022 617 
size block: 10
30 seq: 14 1023 616 
31 seq: 15 1022 617 
32 seq: 0 1022 617 
33 seq: 1 1022 616 
34 seq: 2 1023 616 
35 seq: 3 1022 616 
36 seq: 4 1022 616 
37 seq: 5 1022 616 
38 seq: 6 1023 617 
39 seq: 7 1022 616 
size block: 10
40 seq: 8 1022 617 
41 seq: 9 1022 617 
42 seq: 10 1023 617 
43 seq: 11 1022 616 
44 seq: 12 1022 617 
45 seq: 13 1022 617 
46 seq: 14 1022 617 
47 seq: 15 1022 617 
48 seq: 0 1022 616 
49 seq: 1 1022 616 
size block: 10
50 seq: 2 1022 617 
51 seq: 3 1022 617 
52 seq: 4 1022 616 
53 seq: 5 1022 616 
54 seq: 6 1023 617 
55 seq: 7 1022 617 
56 seq: 8 1022 617 
57 seq: 9 1022 617 
58 seq: 10 1022 616 
59 seq: 11 1022 617 
size block: 10
60 seq: 12 1022 617 
61 seq: 13 1022 617 
62 seq: 14 1022 617 
63 seq: 15 1022 617 
64 seq: 0 1022 617 
65 seq: 1 1022 617 
66 seq: 2 1022 617 
67 seq: 3 1022 617 
68 seq: 4 1022 617 
69 seq: 5 1022 617 
size block: 10
70 seq: 6 1022 617 
71 seq: 7 1022 617 
72 seq: 8 1022 616 
73 seq: 9 1022 616 
74 seq: 10 1022 617 
75 seq: 11 1022 616 
76 seq: 12 1022 617 
77 seq: 13 1022 617 
78 seq: 14 1022 617 
79 seq: 15 1022 617 
size block: 10
80 seq: 0 1022 616 
81 seq: 1 1022 617 
82 seq: 2 1022 617 
83 seq: 3 1022 616 
84 seq: 4 1022 616 
85 seq: 5 1022 616 
86 seq: 6 1022 617 
87 seq: 7 1022 617 
88 seq: 8 1022 617 
89 seq: 9 1022 616 
size block: 10
90 seq: 10 1022 617 
91 seq: 11 1022 617 
92 seq: 12 1022 617 
93 seq: 13 1022 617 
94 seq: 14 1022 616 
95 seq: 15 1022 617 
96 seq: 0 1022 617 
97 seq: 1 1022 617 
98 seq: 2 1022 617 
99 seq: 3 1022 617 
size block: 10
100 seq: 4 1022 616 
101 seq: 5 1022 617 
102 seq: 6 1022 616 
103 seq: 7 1022 617 
104 seq: 8 1022 616 
105 seq: 9 1022 617 
106 seq: 10 1022 617 
107 seq: 11 1022 617 
108 seq: 12 1023 617 
109 seq: 13 1022 617 
size block: 10
110 seq: 14 1022 617 
111 seq: 15 1022 617 
112 seq: 0 1022 616 
113 seq: 1 1022 616 
114 seq: 2 1022 617 
115 seq: 3 1022 617 
116 seq: 4 1022 616 
117 seq: 5 1022 617 
118 seq: 6 1022 616 
119 seq: 7 1022 616 
size block: 10
120 seq: 8 1022 617 
121 seq: 9 1022 616 
122 seq: 10 1022 617 
123 seq: 11 1022 617 
124 seq: 12 1022 617 
125 seq: 13 1022 616 
126 seq: 14 1022 617 
127 seq: 15 1022 617 
128 seq: 0 1022 617 
129 seq: 1 1022 616 
size block: 10
130 seq: 2 1022 617 
131 seq: 3 1022 618 
132 seq: 4 1022 617 
133 seq: 5 1022 617 
134 seq: 6 1022 617 
135 seq: 7 1022 617 
136 seq: 8 1022 617 
137 seq: 9 1022 617 
138 seq: 10 1022 617 
139 seq: 11 1022 617 
size block: 10
140 seq: 12 1022 617 
141 seq: 13 1022 617 
142 seq: 14 1022 617 
143 seq: 15 1022 617 
144 seq: 0 1022 617 
145 seq: 1 1022 617 
146 seq: 2 1022 617 
147 seq: 3 1022 617 
148 seq: 4 1022 616 
149 seq: 5 1022 617 
