Patient id: 4
Date: 03-12-2022.10-28-51
Alejandra Matin
size block: 10
0 seq: 0 966 616 0 
1 seq: 1 835 617 0 
2 seq: 2 1023 617 0 
3 seq: 3 1022 617 0 
4 seq: 4 1023 617 0 
5 seq: 5 894 617 0 
6 seq: 6 400 616 0 
7 seq: 7 358 617 0 
8 seq: 8 369 617 0 
9 seq: 9 314 617 0 
size block: 10
10 seq: 10 170 617 0 
11 seq: 11 161 617 0 
12 seq: 12 0 616 0 
13 seq: 13 208 616 0 
14 seq: 14 301 618 0 
15 seq: 15 334 617 0 
16 seq: 0 248 618 0 
17 seq: 1 185 617 0 
18 seq: 2 207 617 0 
19 seq: 3 92 617 0 
size block: 10
20 seq: 4 133 617 0 
21 seq: 5 300 617 0 
22 seq: 6 395 617 0 
23 seq: 7 349 617 0 
24 seq: 8 379 617 0 
25 seq: 9 658 617 0 
26 seq: 10 574 617 0 
27 seq: 11 637 617 0 
28 seq: 12 626 617 0 
29 seq: 13 645 617 0 
size block: 10
30 seq: 14 352 617 0 
31 seq: 15 384 617 0 
32 seq: 0 235 617 0 
33 seq: 1 159 617 0 
34 seq: 2 0 617 0 
35 seq: 3 31 617 0 
36 seq: 4 249 617 0 
37 seq: 5 297 617 0 
38 seq: 6 0 617 0 
39 seq: 7 0 617 0 
size block: 10
40 seq: 8 120 617 0 
41 seq: 9 203 617 0 
42 seq: 10 559 617 0 
43 seq: 11 1022 617 0 
44 seq: 12 1023 616 0 
45 seq: 13 1022 617 0 
46 seq: 14 880 617 0 
47 seq: 15 770 617 0 
48 seq: 0 703 617 0 
49 seq: 1 696 617 0 
size block: 10
50 seq: 2 644 617 0 
51 seq: 3 571 617 0 
52 seq: 4 1022 617 0 
53 seq: 5 375 617 0 
54 seq: 6 105 617 0 
55 seq: 7 428 618 0 
56 seq: 8 443 617 0 
57 seq: 9 500 617 0 
58 seq: 10 560 616 0 
59 seq: 11 542 618 0 
size block: 10
60 seq: 12 521 617 0 
61 seq: 13 498 618 0 
62 seq: 14 404 617 0 
63 seq: 15 464 617 0 
64 seq: 0 448 617 0 
65 seq: 1 428 617 0 
66 seq: 2 430 617 0 
67 seq: 3 483 617 0 
68 seq: 4 527 617 0 
69 seq: 5 583 617 0 
size block: 10
70 seq: 6 443 617 0 
71 seq: 7 454 617 0 
72 seq: 8 368 617 0 
73 seq: 9 496 617 0 
74 seq: 10 468 616 0 
75 seq: 11 516 617 0 
76 seq: 12 600 617 0 
77 seq: 13 603 617 0 
78 seq: 14 613 617 0 
79 seq: 15 679 617 0 
size block: 10
80 seq: 0 607 617 0 
81 seq: 1 332 616 0 
82 seq: 2 295 617 0 
83 seq: 3 238 617 0 
84 seq: 4 278 617 0 
85 seq: 5 171 616 0 
86 seq: 6 523 617 0 
87 seq: 7 488 617 0 
88 seq: 8 431 616 0 
89 seq: 9 387 617 0 
size block: 10
90 seq: 10 348 617 0 
91 seq: 11 452 617 0 
92 seq: 12 465 616 0 
93 seq: 13 456 617 0 
94 seq: 14 508 617 0 
95 seq: 15 532 617 0 
96 seq: 0 579 618 0 
97 seq: 1 579 617 0 
98 seq: 2 335 617 0 
99 seq: 3 593 617 0 
size block: 10
100 seq: 4 585 617 0 
101 seq: 5 524 618 0 
102 seq: 6 487 617 0 
103 seq: 7 497 617 0 
104 seq: 8 567 618 0 
105 seq: 9 267 617 0 
106 seq: 10 207 617 0 
107 seq: 11 303 617 0 
108 seq: 12 481 617 0 
109 seq: 13 586 617 0 
size block: 10
110 seq: 14 666 618 0 
111 seq: 15 693 617 0 
112 seq: 0 626 617 0 
113 seq: 1 702 617 0 
114 seq: 2 670 617 0 
115 seq: 3 647 618 0 
116 seq: 4 729 617 0 
117 seq: 5 412 618 0 
118 seq: 6 599 617 0 
119 seq: 7 493 617 0 
size block: 10
120 seq: 8 564 617 0 
121 seq: 9 558 618 0 
122 seq: 10 813 617 0 
123 seq: 11 831 617 0 
124 seq: 12 905 617 0 
125 seq: 13 760 617 0 
126 seq: 14 647 617 0 
127 seq: 15 658 617 0 
128 seq: 0 624 617 0 
129 seq: 1 578 617 0 
size block: 10
130 seq: 2 613 618 0 
131 seq: 3 692 617 0 
132 seq: 4 654 617 0 
133 seq: 5 512 617 0 
134 seq: 6 467 617 0 
135 seq: 7 484 617 0 
136 seq: 8 420 618 0 
137 seq: 9 436 617 0 
138 seq: 10 544 617 0 
139 seq: 11 493 617 0 
size block: 10
140 seq: 12 456 617 0 
141 seq: 13 500 618 0 
142 seq: 14 549 616 0 
143 seq: 15 548 618 0 
144 seq: 0 622 617 0 
145 seq: 1 610 617 0 
146 seq: 2 647 617 0 
147 seq: 3 576 617 0 
148 seq: 4 521 617 0 
149 seq: 5 570 617 0 
