Patient id: 4
Date: 03-12-2022.10-24-08
Alejandra Matin
size block: 10
0 seq: 0 1022 617 0 
1 seq: 1 865 617 0 
2 seq: 2 335 621 0 
3 seq: 3 460 617 0 
4 seq: 4 707 622 0 
5 seq: 5 455 617 0 
6 seq: 6 720 617 0 
7 seq: 7 156 617 0 
8 seq: 8 0 617 0 
9 seq: 9 0 617 0 
size block: 10
10 seq: 10 0 616 0 
11 seq: 11 0 617 0 
12 seq: 12 789 618 0 
13 seq: 13 695 617 0 
14 seq: 14 547 617 0 
15 seq: 15 732 618 0 
16 seq: 0 1023 617 0 
17 seq: 1 494 617 0 
18 seq: 2 324 618 0 
19 seq: 3 241 617 0 
size block: 10
20 seq: 4 835 618 0 
21 seq: 5 151 617 0 
22 seq: 6 310 618 0 
23 seq: 7 0 617 0 
24 seq: 8 0 617 0 
25 seq: 9 425 618 0 
26 seq: 10 948 618 0 
27 seq: 11 1023 617 0 
28 seq: 12 1022 617 0 
29 seq: 13 1023 617 0 
size block: 10
30 seq: 14 1022 617 0 
31 seq: 15 1001 618 0 
32 seq: 0 808 617 0 
33 seq: 1 436 617 0 
34 seq: 2 868 616 0 
35 seq: 3 736 617 0 
36 seq: 4 259 617 0 
37 seq: 5 137 617 0 
38 seq: 6 24 618 0 
39 seq: 7 0 617 0 
size block: 10
40 seq: 8 298 618 0 
41 seq: 9 740 617 0 
42 seq: 10 395 617 0 
43 seq: 11 568 618 0 
44 seq: 12 590 617 0 
45 seq: 13 602 617 0 
46 seq: 14 249 617 0 
47 seq: 15 747 618 0 
48 seq: 0 867 617 0 
49 seq: 1 987 616 0 
size block: 10
50 seq: 2 1023 617 0 
51 seq: 3 948 617 0 
52 seq: 4 549 617 0 
53 seq: 5 1023 607 0 
54 seq: 6 0 620 0 
55 seq: 7 0 617 0 
56 seq: 8 197 618 0 
57 seq: 9 105 617 0 
58 seq: 10 249 617 0 
59 seq: 11 448 617 0 
size block: 10
60 seq: 12 305 617 0 
61 seq: 13 361 618 0 
62 seq: 14 184 617 0 
63 seq: 15 0 617 0 
64 seq: 0 14 617 0 
65 seq: 1 435 617 0 
66 seq: 2 755 617 0 
67 seq: 3 1022 617 0 
68 seq: 4 1022 617 0 
69 seq: 5 1022 617 0 
size block: 10
70 seq: 6 874 617 0 
71 seq: 7 376 618 0 
72 seq: 8 409 617 0 
73 seq: 9 622 617 0 
74 seq: 10 701 617 0 
75 seq: 11 841 618 0 
76 seq: 12 723 617 0 
77 seq: 13 742 617 0 
78 seq: 14 537 617 0 
79 seq: 15 510 617 0 
size block: 10
80 seq: 0 373 617 0 
81 seq: 1 365 617 0 
82 seq: 2 562 618 0 
83 seq: 3 441 617 0 
84 seq: 4 474 618 0 
85 seq: 5 493 617 0 
86 seq: 6 447 617 0 
87 seq: 7 453 617 0 
88 seq: 8 465 617 0 
89 seq: 9 435 617 0 
size block: 10
90 seq: 10 152 617 0 
91 seq: 11 399 617 0 
92 seq: 12 371 617 0 
93 seq: 13 414 617 0 
94 seq: 14 480 617 0 
95 seq: 15 519 617 0 
96 seq: 0 562 617 0 
97 seq: 1 234 617 0 
98 seq: 2 408 617 0 
99 seq: 3 235 617 0 
size block: 10
100 seq: 4 550 617 0 
101 seq: 5 627 617 0 
102 seq: 6 429 617 0 
103 seq: 7 515 617 0 
104 seq: 8 722 617 0 
105 seq: 9 804 617 0 
106 seq: 10 558 617 0 
107 seq: 11 489 617 0 
108 seq: 12 488 617 0 
109 seq: 13 414 617 0 
size block: 10
110 seq: 14 397 618 0 
111 seq: 15 40 617 0 
112 seq: 0 391 617 0 
113 seq: 1 319 617 0 
114 seq: 2 515 617 0 
115 seq: 3 547 617 0 
116 seq: 4 551 617 0 
117 seq: 5 378 617 0 
118 seq: 6 612 617 0 
119 seq: 7 447 617 0 
size block: 10
120 seq: 8 215 617 0 
121 seq: 9 323 617 0 
122 seq: 10 351 617 0 
123 seq: 11 412 617 0 
124 seq: 12 422 617 0 
125 seq: 13 354 617 0 
126 seq: 14 475 617 0 
127 seq: 15 534 617 0 
128 seq: 0 673 618 0 
129 seq: 1 658 617 0 
size block: 10
130 seq: 2 537 617 0 
131 seq: 3 469 617 0 
132 seq: 4 446 618 0 
133 seq: 5 471 617 0 
134 seq: 6 450 617 0 
135 seq: 7 539 617 0 
136 seq: 8 595 617 0 
137 seq: 9 780 617 0 
138 seq: 10 772 617 0 
139 seq: 11 701 616 0 
size block: 10
140 seq: 12 659 617 0 
141 seq: 13 563 617 0 
142 seq: 14 560 617 0 
143 seq: 15 553 617 0 
144 seq: 0 543 617 0 
145 seq: 1 532 617 0 
146 seq: 2 533 616 0 
147 seq: 3 653 617 0 
148 seq: 4 339 618 0 
149 seq: 5 267 617 0 
