size block: 10
1 seq: 1 599 606 0 
3 seq: 3 1022 614 0 
5 seq: 5 720 610 0 
7 seq: 7 493 610 0 
9 seq: 9 503 615 0 
10 seq: 10 213 612 0 
12 seq: 12 525 612 0 
14 seq: 14 1022 611 0 
16 seq: 0 225 617 0 
18 seq: 2 89 613 0 
size block: 10
21 seq: 5 73 616 0 
23 seq: 7 1022 604 0 
25 seq: 9 232 610 0 
27 seq: 11 650 609 0 
29 seq: 13 205 611 0 
30 seq: 14 686 614 0 
32 seq: 0 467 614 0 
34 seq: 2 543 615 0 
36 seq: 4 562 618 0 
38 seq: 6 455 613 0 
size block: 10
41 seq: 9 400 614 0 
43 seq: 11 508 614 0 
45 seq: 13 442 615 0 
47 seq: 15 463 617 0 
49 seq: 1 498 615 0 
50 seq: 2 506 610 0 
52 seq: 4 486 614 0 
54 seq: 6 478 614 0 
56 seq: 8 474 614 0 
58 seq: 10 548 613 0 
size block: 10
61 seq: 13 497 614 0 
63 seq: 15 320 613 0 
65 seq: 1 477 617 0 
67 seq: 3 429 617 0 
69 seq: 5 1021 615 0 
70 seq: 6 827 618 0 
72 seq: 8 352 602 0 
74 seq: 10 329 611 0 
76 seq: 12 491 614 0 
78 seq: 14 507 615 0 
size block: 10
81 seq: 1 551 609 0 
83 seq: 3 457 610 0 
85 seq: 5 505 617 0 
87 seq: 7 498 614 0 
89 seq: 9 544 614 0 
90 seq: 10 483 614 0 
92 seq: 12 493 615 0 
94 seq: 14 489 614 0 
96 seq: 0 556 614 0 
98 seq: 2 447 614 0 
size block: 10
101 seq: 5 501 614 0 
103 seq: 7 512 614 0 
105 seq: 9 383 614 0 
107 seq: 11 564 615 0 
109 seq: 13 459 614 0 
110 seq: 14 545 606 0 
112 seq: 0 283 613 0 
114 seq: 2 420 617 0 
116 seq: 4 425 613 0 
118 seq: 6 520 615 0 
size block: 10
121 seq: 9 474 614 0 
123 seq: 11 524 613 0 
125 seq: 13 560 623 0 
127 seq: 15 512 619 0 
129 seq: 1 448 618 0 
130 seq: 2 380 611 0 
132 seq: 4 503 614 0 
134 seq: 6 553 616 0 
136 seq: 8 456 616 0 
138 seq: 10 491 615 0 
size block: 10
141 seq: 13 512 624 0 
143 seq: 15 447 614 0 
145 seq: 1 335 615 0 
147 seq: 3 555 615 0 
149 seq: 5 524 612 0 
