size block: 10
1 seq: 1 506 615 0 
3 seq: 3 504 612 0 
5 seq: 5 502 613 0 
7 seq: 7 502 611 0 
9 seq: 9 498 611 0 
10 seq: 10 504 612 0 
12 seq: 12 504 618 0 
14 seq: 14 504 613 0 
16 seq: 0 504 614 0 
18 seq: 2 498 613 0 
size block: 10
21 seq: 5 504 613 0 
23 seq: 7 502 612 0 
25 seq: 9 502 610 0 
27 seq: 11 500 614 0 
29 seq: 13 502 614 0 
30 seq: 14 502 612 0 
32 seq: 0 502 614 0 
34 seq: 2 504 613 0 
36 seq: 4 502 614 0 
38 seq: 6 500 614 0 
size block: 10
41 seq: 9 503 614 0 
43 seq: 11 503 613 0 
45 seq: 13 501 613 0 
47 seq: 15 500 614 0 
49 seq: 1 504 613 0 
50 seq: 2 502 614 0 
52 seq: 4 503 614 0 
54 seq: 6 499 613 0 
56 seq: 8 505 615 0 
58 seq: 10 501 613 0 
size block: 10
61 seq: 13 503 613 0 
63 seq: 15 502 614 0 
65 seq: 1 504 614 0 
67 seq: 3 506 613 0 
69 seq: 5 503 613 0 
70 seq: 6 504 614 0 
72 seq: 8 499 613 0 
74 seq: 10 502 614 0 
76 seq: 12 502 614 0 
78 seq: 14 503 613 0 
size block: 10
81 seq: 1 502 613 0 
83 seq: 3 502 613 0 
85 seq: 5 507 613 0 
87 seq: 7 504 613 0 
89 seq: 9 503 613 0 
90 seq: 10 503 614 0 
92 seq: 12 500 613 0 
94 seq: 14 503 614 0 
96 seq: 0 503 615 0 
98 seq: 2 505 614 0 
size block: 10
101 seq: 5 502 613 0 
103 seq: 7 503 613 0 
105 seq: 9 503 613 0 
107 seq: 11 502 614 0 
109 seq: 13 501 614 0 
110 seq: 14 500 614 0 
112 seq: 0 503 612 0 
114 seq: 2 504 614 0 
116 seq: 4 500 613 0 
118 seq: 6 503 614 0 
size block: 10
121 seq: 9 502 614 0 
123 seq: 11 504 614 0 
125 seq: 13 502 614 0 
127 seq: 15 504 615 0 
129 seq: 1 503 614 0 
130 seq: 2 504 614 0 
132 seq: 4 501 613 0 
134 seq: 6 502 614 0 
136 seq: 8 502 614 0 
138 seq: 10 499 613 0 
size block: 10
141 seq: 13 502 614 0 
143 seq: 15 503 615 0 
145 seq: 1 503 614 0 
147 seq: 3 501 614 0 
149 seq: 5 502 614 0 
null
