size block: 10
1 seq: 1 293 614 0 
3 seq: 3 306 613 0 
5 seq: 5 307 613 0 
7 seq: 7 359 612 0 
9 seq: 9 356 614 0 
10 seq: 10 365 613 0 
12 seq: 12 383 612 0 
14 seq: 14 166 625 0 
16 seq: 0 457 615 0 
18 seq: 2 429 614 0 
size block: 10
21 seq: 5 410 614 0 
23 seq: 7 401 614 0 
25 seq: 9 392 614 0 
27 seq: 11 476 613 0 
29 seq: 13 631 613 0 
30 seq: 14 443 614 0 
32 seq: 0 614 614 0 
34 seq: 2 736 615 0 
36 seq: 4 600 614 0 
38 seq: 6 530 615 0 
size block: 10
41 seq: 9 620 614 0 
43 seq: 11 475 612 0 
45 seq: 13 700 614 0 
47 seq: 15 698 614 0 
49 seq: 1 691 614 0 
50 seq: 2 680 614 0 
52 seq: 4 687 614 0 
54 seq: 6 710 614 0 
56 seq: 8 719 614 0 
58 seq: 10 724 614 0 
size block: 10
61 seq: 13 745 613 0 
63 seq: 15 751 614 0 
65 seq: 1 775 614 0 
67 seq: 3 782 614 0 
69 seq: 5 791 613 0 
70 seq: 6 803 613 0 
72 seq: 8 809 614 0 
74 seq: 10 821 614 0 
76 seq: 12 822 613 0 
78 seq: 14 823 613 0 
size block: 10
81 seq: 1 831 614 0 
83 seq: 3 817 614 0 
85 seq: 5 836 613 0 
87 seq: 7 839 613 0 
89 seq: 9 836 614 0 
90 seq: 10 832 614 0 
92 seq: 12 839 614 0 
94 seq: 14 834 614 0 
96 seq: 0 832 614 0 
98 seq: 2 838 614 0 
size block: 10
101 seq: 5 831 612 0 
103 seq: 7 819 615 0 
105 seq: 9 817 616 0 
107 seq: 11 801 613 0 
109 seq: 13 793 613 0 
110 seq: 14 789 613 0 
112 seq: 0 784 613 0 
114 seq: 2 772 614 0 
116 seq: 4 759 613 0 
118 seq: 6 751 613 0 
size block: 10
121 seq: 9 729 613 0 
123 seq: 11 717 614 0 
125 seq: 13 702 613 0 
127 seq: 15 685 614 0 
129 seq: 1 673 614 0 
130 seq: 2 662 615 0 
132 seq: 4 619 615 0 
134 seq: 6 623 614 0 
136 seq: 8 589 615 0 
138 seq: 10 580 614 0 
size block: 10
141 seq: 13 542 613 0 
143 seq: 15 527 613 0 
145 seq: 1 503 614 0 
147 seq: 3 473 615 0 
149 seq: 5 459 614 0 
