size block: 10
1 seq: 1 502 614 0 
3 seq: 3 503 614 0 
5 seq: 5 500 614 0 
7 seq: 7 502 614 0 
9 seq: 9 497 613 0 
10 seq: 10 496 614 0 
12 seq: 12 499 613 0 
14 seq: 14 494 614 0 
16 seq: 0 491 613 0 
18 seq: 2 491 614 0 
size block: 10
21 seq: 5 488 613 0 
23 seq: 7 485 614 0 
25 seq: 9 483 613 0 
27 seq: 11 484 614 0 
29 seq: 13 483 614 0 
30 seq: 14 481 614 0 
32 seq: 0 481 614 0 
34 seq: 2 475 613 0 
36 seq: 4 479 614 0 
38 seq: 6 475 614 0 
size block: 10
41 seq: 9 473 613 0 
43 seq: 11 476 614 0 
45 seq: 13 471 614 0 
47 seq: 15 471 614 0 
49 seq: 1 472 615 0 
50 seq: 2 471 614 0 
52 seq: 4 469 614 0 
54 seq: 6 471 614 0 
56 seq: 8 468 614 0 
58 seq: 10 466 614 0 
size block: 10
61 seq: 13 463 614 0 
63 seq: 15 464 614 0 
65 seq: 1 464 613 0 
67 seq: 3 465 614 0 
69 seq: 5 459 613 0 
70 seq: 6 464 613 0 
72 seq: 8 463 614 0 
74 seq: 10 467 613 0 
76 seq: 12 461 613 0 
78 seq: 14 457 614 0 
size block: 10
81 seq: 1 459 614 0 
83 seq: 3 462 614 0 
85 seq: 5 455 614 0 
87 seq: 7 460 613 0 
89 seq: 9 455 614 0 
90 seq: 10 455 614 0 
92 seq: 12 459 614 0 
94 seq: 14 453 613 0 
96 seq: 0 456 614 0 
98 seq: 2 456 613 0 
size block: 10
101 seq: 5 455 615 0 
103 seq: 7 453 614 0 
105 seq: 9 458 614 0 
107 seq: 11 447 614 0 
109 seq: 13 453 614 0 
110 seq: 14 449 614 0 
112 seq: 0 451 614 0 
114 seq: 2 449 615 0 
116 seq: 4 446 613 0 
118 seq: 6 449 614 0 
size block: 10
121 seq: 9 446 613 0 
123 seq: 11 444 614 0 
125 seq: 13 443 614 0 
127 seq: 15 444 613 0 
129 seq: 1 444 614 0 
130 seq: 2 447 614 0 
132 seq: 4 445 614 0 
134 seq: 6 446 614 0 
136 seq: 8 447 615 0 
138 seq: 10 443 614 0 
size block: 10
141 seq: 13 441 615 0 
143 seq: 15 441 613 0 
145 seq: 1 440 614 0 
147 seq: 3 441 614 0 
149 seq: 5 439 614 0 
