size block: 10
1 seq: 1 476 612 0 
3 seq: 3 512 613 0 
5 seq: 5 528 613 0 
7 seq: 7 519 614 0 
9 seq: 9 509 614 0 
10 seq: 10 513 614 0 
12 seq: 12 509 612 0 
14 seq: 14 504 612 0 
16 seq: 0 492 613 0 
18 seq: 2 498 615 0 
size block: 10
21 seq: 5 504 614 0 
23 seq: 7 508 611 0 
25 seq: 9 494 612 0 
27 seq: 11 500 614 0 
29 seq: 13 506 613 0 
30 seq: 14 511 612 0 
32 seq: 0 503 613 0 
34 seq: 2 502 612 0 
36 seq: 4 513 614 0 
38 seq: 6 507 614 0 
size block: 10
41 seq: 9 508 614 0 
43 seq: 11 516 612 0 
45 seq: 13 498 613 0 
47 seq: 15 517 613 0 
49 seq: 1 507 614 0 
50 seq: 2 521 612 0 
52 seq: 4 504 614 0 
54 seq: 6 519 612 0 
56 seq: 8 501 614 0 
58 seq: 10 497 614 0 
size block: 10
61 seq: 13 512 613 0 
63 seq: 15 527 614 0 
65 seq: 1 516 614 0 
67 seq: 3 507 613 0 
69 seq: 5 513 613 0 
70 seq: 6 520 613 0 
72 seq: 8 513 615 0 
74 seq: 10 518 615 0 
76 seq: 12 517 613 0 
78 seq: 14 514 614 0 
size block: 10
81 seq: 1 513 614 0 
83 seq: 3 520 613 0 
85 seq: 5 519 616 0 
87 seq: 7 517 613 0 
89 seq: 9 515 614 0 
90 seq: 10 511 614 0 
92 seq: 12 516 613 0 
94 seq: 14 522 612 0 
96 seq: 0 511 613 0 
98 seq: 2 507 613 0 
size block: 10
101 seq: 5 515 613 0 
103 seq: 7 515 613 0 
105 seq: 9 517 613 0 
107 seq: 11 515 614 0 
109 seq: 13 517 613 0 
110 seq: 14 515 612 0 
112 seq: 0 520 613 0 
114 seq: 2 509 614 0 
116 seq: 4 511 612 0 
118 seq: 6 515 614 0 
size block: 10
121 seq: 9 512 614 0 
123 seq: 11 520 614 0 
125 seq: 13 508 614 0 
127 seq: 15 519 614 0 
129 seq: 1 512 614 0 
130 seq: 2 507 613 0 
132 seq: 4 519 613 0 
134 seq: 6 494 614 0 
136 seq: 8 500 614 0 
138 seq: 10 507 612 0 
size block: 10
141 seq: 13 505 613 0 
143 seq: 15 504 614 0 
145 seq: 1 502 612 0 
147 seq: 3 510 613 0 
149 seq: 5 495 612 0 
null
