Carmen Pozo
size block: 10
0 seq: 0 464 613 0 
1 seq: 1 461 613 0 
2 seq: 2 473 613 0 
3 seq: 3 468 613 0 
4 seq: 4 467 614 0 
5 seq: 5 463 612 0 
6 seq: 6 464 613 0 
7 seq: 7 471 613 0 
8 seq: 8 465 613 0 
9 seq: 9 463 613 0 
size block: 10
10 seq: 10 465 612 0 
11 seq: 11 461 612 0 
12 seq: 12 515 615 0 
13 seq: 13 419 613 0 
14 seq: 14 447 614 0 
15 seq: 15 460 613 0 
16 seq: 0 465 613 0 
17 seq: 1 471 613 0 
18 seq: 2 467 614 0 
19 seq: 3 468 613 0 
size block: 10
20 seq: 4 464 613 0 
21 seq: 5 470 614 0 
22 seq: 6 472 613 0 
23 seq: 7 474 613 0 
24 seq: 8 465 614 0 
25 seq: 9 465 611 0 
26 seq: 10 469 614 0 
27 seq: 11 469 613 0 
28 seq: 12 464 614 0 
29 seq: 13 471 612 0 
size block: 10
30 seq: 14 464 612 0 
31 seq: 15 471 613 0 
32 seq: 0 474 614 0 
33 seq: 1 467 613 0 
34 seq: 2 464 614 0 
35 seq: 3 464 613 0 
36 seq: 4 460 613 0 
37 seq: 5 470 613 0 
38 seq: 6 466 613 0 
39 seq: 7 467 614 0 
size block: 10
40 seq: 8 466 613 0 
41 seq: 9 472 613 0 
42 seq: 10 466 613 0 
43 seq: 11 469 612 0 
44 seq: 12 478 613 0 
45 seq: 13 471 613 0 
46 seq: 14 465 613 0 
47 seq: 15 467 613 0 
48 seq: 0 471 613 0 
49 seq: 1 466 613 0 
size block: 10
50 seq: 2 470 613 0 
51 seq: 3 470 614 0 
52 seq: 4 465 614 0 
53 seq: 5 466 613 0 
54 seq: 6 470 613 0 
55 seq: 7 468 613 0 
56 seq: 8 466 613 0 
57 seq: 9 462 613 0 
58 seq: 10 467 612 0 
59 seq: 11 457 613 0 
size block: 10
60 seq: 12 461 613 0 
61 seq: 13 467 612 0 
62 seq: 14 470 613 0 
63 seq: 15 463 613 0 
64 seq: 0 462 613 0 
65 seq: 1 467 612 0 
66 seq: 2 478 613 0 
67 seq: 3 460 613 0 
68 seq: 4 475 612 0 
69 seq: 5 469 612 0 
size block: 10
70 seq: 6 490 614 0 
71 seq: 7 463 612 0 
72 seq: 8 470 614 0 
73 seq: 9 467 613 0 
74 seq: 10 467 612 0 
75 seq: 11 473 613 0 
76 seq: 12 460 612 0 
77 seq: 13 464 613 0 
78 seq: 14 472 613 0 
79 seq: 15 467 613 0 
size block: 10
80 seq: 0 473 612 0 
81 seq: 1 456 613 0 
82 seq: 2 463 613 0 
83 seq: 3 472 613 0 
84 seq: 4 472 612 0 
85 seq: 5 461 612 0 
86 seq: 6 459 612 0 
87 seq: 7 475 614 0 
88 seq: 8 462 612 0 
89 seq: 9 466 613 0 
size block: 10
90 seq: 10 466 612 0 
91 seq: 11 468 614 0 
92 seq: 12 462 613 0 
93 seq: 13 466 612 0 
94 seq: 14 468 612 0 
95 seq: 15 449 613 0 
96 seq: 0 466 613 0 
97 seq: 1 466 612 0 
98 seq: 2 462 611 0 
99 seq: 3 463 613 0 
size block: 10
100 seq: 4 457 612 0 
101 seq: 5 466 612 0 
102 seq: 6 468 613 0 
103 seq: 7 470 613 0 
104 seq: 8 459 613 0 
105 seq: 9 460 612 0 
106 seq: 10 465 613 0 
107 seq: 11 465 613 0 
108 seq: 12 476 612 0 
109 seq: 13 461 612 0 
size block: 10
110 seq: 14 468 614 0 
111 seq: 15 463 612 0 
112 seq: 0 475 612 0 
113 seq: 1 473 615 0 
114 seq: 2 450 611 0 
115 seq: 3 466 612 0 
116 seq: 4 464 612 0 
117 seq: 5 466 614 0 
118 seq: 6 462 612 0 
119 seq: 7 460 613 0 
size block: 10
120 seq: 8 465 612 0 
121 seq: 9 464 613 0 
122 seq: 10 466 612 0 
123 seq: 11 468 613 0 
124 seq: 12 462 611 0 
125 seq: 13 466 613 0 
126 seq: 14 463 612 0 
127 seq: 15 468 612 0 
128 seq: 0 467 613 0 
129 seq: 1 470 613 0 
size block: 10
130 seq: 2 470 614 0 
131 seq: 3 467 612 0 
132 seq: 4 472 612 0 
133 seq: 5 465 613 0 
134 seq: 6 469 612 0 
135 seq: 7 463 612 0 
136 seq: 8 462 613 0 
137 seq: 9 472 613 0 
138 seq: 10 471 613 0 
139 seq: 11 468 612 0 
size block: 10
140 seq: 12 476 612 0 
141 seq: 13 463 612 0 
142 seq: 14 463 613 0 
143 seq: 15 466 612 0 
144 seq: 0 469 612 0 
145 seq: 1 463 612 0 
146 seq: 2 462 612 0 
147 seq: 3 469 612 0 
148 seq: 4 471 612 0 
149 seq: 5 463 613 0 
